0.964044 
0.960778 
0.962133 
0.960200 
0.960511 
0.959867 
0.957667 
0.958533 
0.958022 
0.956822 
0.957000 
0.957311 
0.957044 
0.957222 
0.956533 
0.956222 
0.956978 
0.955022 
0.955133 
0.955067 
0.955356 
0.954622 
0.955600 
0.954022 
0.955533 
0.954222 
0.952156 
0.953467 
0.955800 
0.954556 
0.954756 
0.955689 
0.956067 
0.957356 
0.956733 
0.956644 
0.957200 
0.958422 
0.957533 
0.958200 
0.957778 
0.956489 
0.957733 
0.958089 
0.957467 
0.957311 
0.957733 
0.959467 
0.957578 
0.958222 
0.958467 
0.958067 
0.957356 
0.954489 
0.954467 
0.953200 
0.952600 
0.953178 
0.952889 
0.952578 
0.954733 
0.955778 
0.953467 
0.953933 
0.954267 
0.954622 
0.954267 
0.954733 
0.956022 
0.956067 
0.954711 
0.953711 
0.954022 
0.955178 
0.954511 
0.954511 
0.956378 
0.955244 
0.955667 
0.957422 
0.955200 
0.953933 
0.954067 
0.955689 
0.956378 
0.956533 
0.958578 
0.959978 
0.958822 
0.957956 
0.960000 
0.957733 
0.958822 
0.957444 
0.957311 
0.955667 
0.956044 
0.954400 
0.954844 
0.955644 
0.957222 
0.957178 
0.957800 
0.957556 
0.955178 
0.954889 
0.955267 
0.953778 
0.951778 
0.952644 
0.952667 
0.952867 
0.954600 
0.955556 
0.956533 
0.956756 
0.956067 
0.954378 
0.953689 
0.951933 
0.953156 
0.953822 
0.953244 
0.955444 
0.955133 
0.955267 
0.957422 
0.956622 
0.955556 
0.956578 
0.955778 
0.956489 
0.956156 
0.956178 
0.956156 
0.958178 
0.956622 
0.956556 
0.956400 
0.956711 
0.955667 
0.957556 
0.956200 
0.955422 
0.954111 
0.954689 
0.954111 
0.952156 
0.956089 
0.954422 
0.954911 
0.953378 
0.952778 
0.953200 
0.954356 
0.954267 
0.954311 
0.954444 
0.955022 
0.955133 
0.954911 
0.953711 
0.953933 
0.954733 
0.953178 
0.955044 
0.952511 
0.954733 
0.955422 
0.955267 
0.953511 
0.955178 
0.953089 
0.953644 
0.952956 
0.954644 
0.952089 
0.953200 
0.955000 
0.955378 
0.954533 
0.955311 
0.953289 
0.952911 
0.954044 
0.952267 
0.952111 
0.952622 
0.951578 
0.952667 
0.952022 
0.953511 
0.953467 
0.952778 
0.953911 
0.953289 
0.953200 
0.952844 
0.950289 
0.951089 
0.950844 
0.951667 
0.952533 
0.954911 
0.953444 
0.953644 
0.954111 
0.954333 
0.953533 
0.952356 
0.950844 
0.951711 
0.950644 
0.950156 
0.950289 
0.951089 
0.951956 
0.951733 
0.951333 
0.952244 
0.953400 
0.952711 
0.950356 
0.951311 
0.951400 
0.951889 
0.951978 
0.949133 
0.949156 
0.951200 
0.951111 
0.950556 
0.951022 
0.950489 
0.951067 
0.952244 
0.953178 
0.953111 
0.951733 
0.951289 
0.950800 
0.951667 
0.950933 
0.952022 
0.952622 
0.950822 
0.951511 
0.950444 
0.950600 
0.950644 
0.951911 
0.952022 
0.952600 
0.951844 
0.950800 
0.952111 
0.952178 
0.952111 
0.952578 
0.951000 
0.952244 
0.951978 
0.951800 
0.952489 
0.951089 
0.951489 
0.951000 
0.950356 
0.951578 
0.951289 
0.951956 
0.953044 
0.951489 
0.951511 
0.951267 
0.951200 
0.953311 
0.953778 
0.954511 
0.952467 
0.952711 
0.953044 
0.953867 
0.953667 
0.951733 
0.952000 
0.955200 
0.953422 
0.952089 
0.951622 
0.951111 
0.951133 
0.950689 
0.951800 
0.950978 
0.952200 
0.952867 
0.951467 
0.950556 
0.952778 
0.951689 
0.951089 
0.951889 
0.952711 
0.951022 
0.951200 
0.951333 
0.953000 
0.952311 
0.951733 
0.951089 
0.952222 
0.952467 
0.952444 
0.951000 
0.951578 
0.950778 
0.951311 
0.951644 
0.949533 
0.951200 
0.952044 
0.951467 
0.952289 
0.953111 
0.953222 
0.953600 
0.953911 
0.953711 
0.955689 
0.955467 
0.955578 
0.955022 
0.956067 
0.955556 
0.954622 
0.955156 
0.956378 
0.955467 
0.952378 
0.951333 
0.951733 
0.952111 
0.951267 
0.951400 
0.953289 
0.952822 
0.952467 
0.952733 
0.953022 
0.953067 
0.954667 
0.953733 
0.954489 
0.954156 
0.953822 
0.954956 
0.955089 
0.955333 
0.953111 
0.954444 
0.954911 
0.955533 
0.955244 
0.955000 
0.955933 
0.954800 
0.956867 
0.955956 
0.956778 
0.955911 
0.956956 
0.955911 
0.955156 
0.954356 
0.953400 
0.954778 
0.953022 
0.952511 
0.953311 
0.955422 
0.954556 
0.953622 
0.954111 
0.954867 
0.955311 
0.951756 
0.952911 
0.952022 
0.953067 
0.950467 
0.951911 
0.952778 
0.953578 
0.953778 
0.952067 
0.952800 
0.952689 
0.953578 
0.950533 
0.951600 
0.950311 
0.950667 
0.952756 
0.952889 
0.953600 
0.954178 
0.953378 
0.951756 
0.951911 
0.950356 
0.952622 
0.953822 
0.952333 
0.953533 
0.954556 
0.953867 
0.954600 
0.953556 
0.952511 
0.953644 
0.954467 
0.955400 
0.954956 
0.953311 
0.953978 
0.953000 
0.952756 
0.952289 
0.950067 
0.950844 
0.950000 
0.951600 
0.950356 
0.949822 
0.951733 
0.951978 
0.952756 
0.949844 
0.948133 
0.948822 
0.949756 
0.951133 
0.949756 
0.950200 
0.951800 
0.952622 
0.951600 
0.952244 
0.953267 
0.954711 
0.952933 
0.950178 
0.949378 
0.949133 
0.949244 
0.946644 
0.949956 
0.950267 
0.952067 
0.951889 
0.949578 
0.948378 
0.949556 
0.950089 
0.951822 
0.951244 
0.952200 
0.952467 
0.952867 
0.952111 
0.950556 
0.949933 
0.949400 
0.950844 
0.951311 
0.950022 
0.949444 
0.948889 
0.949667 
0.947600 
0.948889 
0.949356 
0.948978 
0.948978 
0.948422 
0.949956 
0.949756 
0.947511 
0.947067 
0.947311 
0.946600 
0.946089 
0.946222 
0.944911 
0.945956 
0.946244 
0.946067 
0.945556 
0.946200 
0.947889 
0.946822 
0.944267 
0.943333 
0.944156 
0.946689 
0.946622 
0.945622 
0.943756 
0.944311 
0.943400 
0.941756 
0.940844 
0.942289 
0.943756 
0.943844 
0.944733 
0.944533 
0.942756 
0.942467 
0.942089 
0.939956 
0.941511 
0.942889 
0.942867 
0.943889 
0.944333 
0.944133 
0.940400 
0.941467 
0.941133 
0.941822 
0.942178 
0.941178 
0.941089 
0.941467 
0.940089 
0.940578 
0.940467 
0.940489 
0.940378 
0.941556 
0.940356 
0.940867 
0.939644 
0.941444 
0.940578 
0.940644 
0.942067 
0.940400 
0.939844 
0.938156 
0.937067 
0.936467 
0.937756 
0.937978 
0.939289 
0.939578 
0.938556 
0.937467 
0.936956 
0.937000 
0.937778 
0.936244 
0.937267 
0.940133 
0.940733 
0.939156 
0.938267 
0.940222 
0.939600 
0.938644 
0.936089 
0.936689 
0.936844 
0.937089 
0.936400 
0.936200 
0.935511 
0.937222 
0.934711 
0.935089 
0.935489 
0.935644 
0.937533 
0.936044 
0.936867 
0.937244 
0.936022 
0.935844 
0.936333 
0.936867 
0.936422 
0.934133 
0.934533 
0.932822 
0.932600 
0.930889 
0.930556 
0.930756 
0.931444 
0.933422 
0.934022 
0.932867 
0.932867 
0.931733 
0.931022 
0.932467 
0.932933 
0.931689 
0.929067 
0.930533 
0.929867 
0.929733 
0.929733 
0.931044 
0.929778 
0.928222 
0.927422 
0.926489 
0.926844 
0.928089 
0.925844 
0.926822 
0.927556 
0.926733 
0.927867 
0.928756 
0.927800 
0.927956 
0.926822 
0.927067 
0.927711 
0.928111 
0.929889 
0.928022 
0.925689 
0.926067 
0.925244 
0.925089 
0.923444 
0.922733 
0.922289 
0.922667 
0.924000 
0.922400 
0.924444 
0.923600 
0.924711 
0.925044 
0.924444 
0.922911 
0.925067 
0.922867 
0.923333 
0.922489 
0.922289 
0.920422 
0.921378 
0.921422 
0.921156 
0.921556 
0.921778 
0.922956 
0.920422 
0.921178 
0.921111 
0.922022 
0.923600 
0.922022 
0.922489 
0.920933 
0.922333 
0.924711 
0.923600 
0.921844 
0.921533 
0.920089 
0.920333 
0.919933 
0.920933 
0.919489 
0.920511 
0.919489 
0.918822 
0.918844 
0.917111 
0.915422 
0.915689 
0.915978 
0.915933 
0.913333 
0.913178 
0.913578 
0.915244 
0.915044 
0.914578 
0.915489 
0.913467 
0.913622 
0.911578 
0.912311 
0.913689 
0.910756 
0.908200 
0.906578 
0.908889 
0.911000 
0.910133 
0.911822 
0.910511 
0.909778 
0.909778 
0.911044 
0.912244 
0.909578 
0.908689 
0.907533 
0.909600 
0.910978 
0.911533 
0.911733 
0.911044 
0.909911 
0.909533 
0.911444 
0.910867 
0.910244 
0.909778 
0.908200 
0.907622 
0.906600 
0.905822 
0.904289 
0.905711 
0.905511 
0.905778 
0.902356 
0.901467 
0.901622 
0.901489 
0.902978 
0.903733 
0.902111 
0.903622 
0.902956 
0.901467 
0.902289 
0.900911 
0.901000 
0.901822 
0.899667 
0.901067 
0.899267 
0.899422 
0.898733 
0.898444 
0.896022 
0.895800 
0.894822 
0.894578 
0.893289 
0.894222 
0.892244 
0.893800 
0.892756 
0.893267 
0.892556 
0.893044 
0.891822 
0.891422 
0.892089 
0.891156 
0.891000 
0.888867 
0.890422 
0.889022 
0.887644 
0.886000 
0.887733 
0.886756 
0.884822 
0.886556 
0.886556 
0.886978 
0.885244 
0.886156 
0.885089 
0.884178 
0.883933 
0.881911 
0.879778 
0.881578 
0.879378 
0.879444 
0.878933 
0.879422 
0.878444 
0.878378 
0.877422 
0.877311 
0.878022 
0.877533 
0.878733 
0.878644 
0.878733 
0.878556 
0.875733 
0.874689 
0.874800 
0.873800 
0.874556 
0.872822 
0.871844 
0.871422 
0.872222 
0.871178 
0.871200 
0.868556 
0.867356 
0.867778 
0.869511 
0.868689 
0.869444 
0.866800 
0.865444 
0.865756 
0.863689 
0.862978 
0.863756 
0.865578 
0.865711 
0.863956 
0.863244 
0.862467 
0.860244 
0.858444 
0.855978 
0.856800 
0.858711 
0.858000 
0.857933 
0.856956 
0.856644 
0.855867 
0.856089 
0.857022 
0.855978 
0.856111 
0.855400 
0.852311 
0.849578 
0.850022 
0.849067 
0.850200 
0.848667 
0.848022 
0.848156 
0.847778 
0.847644 
0.847178 
0.846689 
0.847933 
0.848111 
0.847667 
0.847733 
0.846867 
0.847156 
0.848822 
0.848311 
0.846911 
0.846156 
0.846644 
0.843244 
0.842356 
0.843156 
0.842578 
0.841578 
0.843378 
0.842689 
0.840000 
0.839667 
0.840244 
0.839267 
0.836533 
0.837289 
0.834422 
0.832689 
0.832467 
0.831244 
0.831022 
0.831667 
0.831711 
0.830844 
0.831178 
0.830578 
0.831333 
0.832200 
0.829711 
0.830133 
0.827556 
0.828178 
0.826889 
0.828089 
0.828511 
0.828911 
0.828022 
0.825844 
0.825067 
0.823422 
0.825556 
0.824022 
0.825244 
0.823867 
0.823111 
0.823311 
0.820800 
0.817844 
0.818489 
0.819289 
0.816644 
0.817622 
0.817000 
0.819756 
0.819533 
0.816378 
0.817156 
0.816889 
0.815956 
0.816044 
0.814511 
0.814733 
0.814444 
0.812844 
0.810378 
0.811133 
0.812867 
0.813844 
0.811756 
0.811156 
0.808222 
0.806400 
0.808578 
0.807289 
0.807111 
0.807022 
0.807489 
0.809689 
0.809178 
0.805333 
0.805244 
0.804800 
0.803444 
0.803756 
0.802067 
0.804111 
0.803800 
0.805222 
0.802556 
0.801756 
0.803022 
0.801511 
0.800289 
0.799000 
0.797800 
0.794622 
0.797444 
0.797022 
0.795022 
0.794578 
0.793933 
0.793778 
0.791267 
0.792222 
0.793867 
0.792822 
0.792956 
0.792844 
0.790778 
0.789133 
0.786689 
0.785356 
0.785156 
0.784933 
0.786822 
0.785267 
0.785533 
0.785111 
0.784133 
0.784600 
0.785089 
0.783689 
0.782978 
0.782067 
0.783022 
0.783667 
0.782200 
0.778733 
0.778289 
0.778756 
0.777978 
0.776089 
0.775356 
0.773578 
0.774467 
0.773444 
0.773133 
0.771556 
0.771000 
0.769489 
0.770556 
0.770911 
0.768822 
0.766711 
0.767311 
0.767244 
0.765667 
0.767778 
0.767556 
0.767556 
0.765244 
0.766289 
0.763200 
0.762867 
0.761667 
0.762933 
0.761756 
0.759689 
0.760067 
0.760778 
0.760378 
0.759333 
0.761111 
0.758800 
0.757756 
0.758200 
0.757489 
0.755156 
0.755156 
0.755267 
0.754467 
0.754089 
0.753600 
0.753689 
0.753489 
0.754978 
0.753911 
0.753222 
0.752822 
0.751511 
0.752022 
0.749178 
0.746044 
0.744467 
0.742933 
0.742933 
0.744489 
0.742978 
0.744133 
0.743778 
0.740711 
0.742156 
0.741422 
0.738578 
0.738289 
0.738400 
0.738400 
0.738867 
0.736911 
0.735511 
0.735756 
0.735133 
0.733289 
0.733556 
0.731889 
0.731889 
0.732444 
0.732844 
0.730378 
0.729556 
0.729156 
0.728133 
0.727289 
0.726889 
0.726533 
0.727356 
0.726978 
0.724333 
0.722044 
0.722689 
0.722200 
0.721178 
0.721733 
0.719800 
0.718733 
0.716578 
0.715556 
0.715422 
0.714911 
0.714111 
0.715333 
0.713111 
0.710133 
0.711267 
0.711267 
0.710044 
0.710578 
0.709067 
0.707133 
0.704600 
0.703844 
0.701667 
0.700911 
0.702178 
0.698000 
0.698578 
0.698022 
0.698044 
0.695822 
0.693800 
0.692667 
0.692400 
0.691867 
0.690356 
0.691911 
0.693089 
0.694222 
0.695444 
0.694844 
0.692844 
0.693600 
0.690356 
0.689711 
0.688778 
0.688756 
0.688289 
0.687756 
0.686667 
0.686933 
0.688200 
0.686200 
0.686400 
0.685089 
0.684489 
0.683844 
0.682644 
0.681511 
0.678556 
0.679022 
0.678800 
0.678889 
0.678311 
0.678467 
0.675844 
0.673956 
0.674089 
0.675400 
0.674867 
0.673733 
0.671111 
0.670578 
0.672356 
0.672044 
0.667911 
0.667200 
0.665956 
0.666244 
0.665622 
0.666511 
0.666644 
0.664600 
0.663311 
0.662667 
0.663156 
0.663133 
0.660800 
0.658844 
0.656956 
0.655889 
0.655022 
0.655822 
0.657333 
0.653422 
0.653044 
0.649156 
0.648400 
0.646667 
0.647422 
0.645733 
0.645889 
0.643178 
0.642533 
0.641422 
0.643889 
0.641978 
0.641956 
0.639689 
0.639089 
0.635822 
0.635667 
0.634089 
0.633800 
0.632778 
0.631978 
0.630622 
0.629489 
0.628622 
0.626333 
0.625244 
0.624267 
0.624356 
0.622911 
0.621133 
0.619956 
0.617600 
0.617622 
0.616600 
0.613933 
0.615622 
0.612533 
0.611289 
0.611956 
0.609356 
0.608378 
0.608111 
0.608400 
0.608622 
0.606400 
0.604600 
0.602133 
0.599800 
0.599511 
0.598067 
0.598133 
0.597289 
0.596689 
0.595511 
0.593533 
0.590244 
0.588111 
0.587933 
0.588289 
0.587378 
0.586911 
0.586067 
0.586200 
0.584756 
0.585044 
0.584111 
0.582489 
0.579756 
0.577667 
0.575711 
0.578311 
0.579822 
0.576600 
0.574711 
0.574600 
0.574733 
0.570711 
0.569489 
0.571044 
0.568289 
0.567378 
0.566578 
0.564822 
0.562556 
0.562133 
0.563156 
0.564489 
0.562244 
0.563911 
0.562533 
0.562422 
0.561000 
0.561200 
0.557844 
0.555644 
0.555689 
0.553067 
0.553089 
0.552400 
0.551933 
0.551089 
0.549067 
0.550756 
0.551911 
0.549733 
0.545889 
0.543133 
0.542711 
0.544667 
0.543644 
0.544667 
0.540267 
0.541089 
0.538511 
0.538267 
0.536822 
0.535067 
0.532467 
0.530933 
0.530622 
0.529289 
0.527733 
0.527667 
0.526756 
0.525844 
0.525933 
0.526000 
0.526200 
0.525467 
0.524422 
0.522333 
0.522244 
0.521356 
0.519444 
0.517600 
0.515889 
0.514711 
0.513156 
0.514511 
0.513622 
0.510956 
0.510311 
0.509489 
0.507667 
0.505867 
0.504244 
0.504489 
0.503733 
0.500822 
0.498444 
0.495222 
0.494422 
0.494933 
0.493578 
0.494022 
0.492978 
0.493289 
0.494778 
0.493800 
0.492733 
0.491822 
0.490289 
0.489756 
0.487889 
0.487311 
0.484867 
0.484067 
0.482133 
0.481578 
0.481822 
0.479356 
0.478467 
0.476622 
0.475689 
0.474644 
0.473844 
0.471400 
0.468067 
0.469956 
0.469600 
0.468089 
0.467244 
0.465622 
0.466000 
0.466422 
0.465200 
0.462289 
0.461689 
0.461178 
0.459444 
0.457689 
0.456911 
0.457044 
0.454467 
0.456222 
0.457733 
0.457289 
0.455156 
0.453222 
0.451578 
0.450867 
0.452156 
0.450378 
0.449889 
0.448222 
0.447533 
0.447133 
0.446222 
0.446867 
0.446556 
0.443511 
0.443711 
0.442156 
0.440956 
0.441467 
0.438244 
0.437000 
0.435156 
0.432222 
0.433667 
0.431044 
0.428267 
0.427556 
0.427022 
0.426667 
0.425867 
0.424956 
0.422844 
0.421667 
0.420978 
0.422022 
0.420867 
0.418467 
0.418422 
0.416889 
0.417956 
0.417578 
0.417689 
0.415200 
0.413644 
0.412533 
0.413822 
0.411378 
0.412511 
0.410378 
0.409378 
0.408867 
0.407911 
0.408667 
0.406778 
0.405956 
0.403956 
0.403289 
0.402956 
0.403756 
0.402044 
0.400289 
0.399089 
0.398556 
0.394400 
0.392822 
0.391111 
0.391778 
0.389800 
0.388667 
0.387511 
0.388489 
0.387244 
0.386422 
0.386867 
0.384644 
0.384400 
0.383311 
0.382133 
0.381511 
0.381089 
0.379667 
0.379089 
0.378156 
0.378022 
0.377156 
0.376822 
0.373644 
0.372822 
0.370067 
0.369667 
0.369711 
0.367689 
0.367089 
0.366778 
0.366444 
0.362400 
0.360622 
0.360489 
0.361622 
0.359200 
0.359111 
0.358733 
0.357467 
0.354022 
0.352178 
0.351444 
0.351444 
0.350267 
0.349733 
0.346422 
0.344778 
0.340756 
0.340689 
0.339756 
0.338711 
0.338444 
0.337111 
0.337111 
0.336311 
0.337333 
0.335756 
0.334067 
0.333378 
0.334978 
0.333822 
0.330133 
0.328089 
0.326578 
0.326133 
0.323422 
0.323489 
0.322978 
0.320933 
0.318933 
0.320956 
0.316222 
0.313756 
0.314489 
0.313178 
0.312689 
0.312244 
0.310867 
0.309511 
0.308622 
0.307622 
0.308400 
0.307556 
0.305400 
0.302156 
0.299267 
0.296733 
0.296067 
0.295711 
0.296956 
0.297711 
0.295978 
0.292711 
0.290333 
0.290889 
0.290289 
0.290178 
0.288133 
0.286556 
0.286600 
0.287733 
0.285422 
0.285822 
0.283711 
0.284489 
0.281911 
0.279111 
0.278044 
0.277222 
0.275756 
0.274400 
0.275089 
0.274044 
0.273111 
0.272800 
0.272467 
0.273022 
0.271600 
0.269178 
0.270156 
0.268089 
0.267200 
0.265756 
0.265689 
0.263156 
0.261889 
0.261178 
0.261267 
0.259978 
0.259956 
0.259644 
0.257889 
0.257378 
0.255867 
0.255467 
0.253222 
0.251844 
0.251556 
0.250133 
0.249800 
0.248444 
0.246822 
0.246600 
0.246600 
0.246578 
0.245156 
0.243356 
0.242178 
0.244467 
0.242244 
0.241844 
0.241022 
0.239622 
0.236644 
0.236822 
0.235844 
0.234467 
0.230511 
0.228311 
0.227889 
0.227022 
0.224689 
0.223067 
0.223489 
0.221244 
0.219911 
0.218400 
0.215933 
0.214867 
0.212356 
0.210067 
0.210200 
0.209689 
0.208600 
0.207111 
0.209378 
0.208667 
0.208178 
0.205844 
0.205533 
0.200667 
0.198956 
0.198000 
0.197333 
0.192644 
0.190689 
0.187667 
0.187067 
0.184889 
0.184111 
0.184067 
0.182689 
0.183600 
0.182356 
0.181178 
0.181889 
0.180067 
0.176644 
0.175200 
0.174244 
0.174356 
0.172778 
0.173289 
0.171067 
0.168689 
0.168089 
0.165111 
0.163111 
0.164067 
0.164067 
0.161622 
0.158911 
0.159333 
0.157933 
0.156822 
0.154756 
0.155133 
0.151822 
0.150600 
0.150267 
0.150778 
0.149622 
0.147178 
0.144600 
0.143156 
0.141644 
0.141156 
0.139467 
0.137644 
0.135067 
0.135667 
0.136044 
0.133600 
0.133222 
0.131956 
0.129133 
0.129044 
0.128178 
0.127600 
0.128356 
0.127533 
0.125022 
0.124067 
0.123778 
0.121844 
0.121933 
0.120600 
0.119511 
0.118267 
0.118000 
0.116444 
0.113889 
0.112667 
0.111089 
0.111844 
0.113289 
0.111844 
0.109978 
0.109111 
0.110622 
0.107533 
0.104489 
0.105867 
0.104444 
0.101444 
0.099489 
0.097667 
0.095956 
0.094400 
0.092044 
0.090089 
0.089756 
0.086311 
0.086089 
0.083222 
0.082889 
0.082756 
0.078867 
0.077667 
0.077822 
0.076444 
0.071800 
0.070222 
0.069222 
0.067889 
0.065933 
0.064289 
0.063667 
0.063533 
0.063444 
0.062467 
0.061533 
0.057311 
0.054400 
0.052156 
0.049356 
0.049178 
0.046822 
0.046533 
0.046111 
0.045111 
0.041778 
0.039400 
0.039400 
0.037333 
0.035711 
0.035111 
0.032933 
0.032156 
0.031822 
0.032289 
0.031444 
0.029244 
0.028644 
0.026467 
0.024244 
0.023600 
0.022889 
0.021289 
0.020644 
0.019844 
0.019778 
0.017889 
0.015200 
0.013422 
0.012867 
0.013778 
0.010489 
0.007933 
0.007778 
0.007756 
0.007600 
0.004133 
0.003400 
0.002622 
0.001756 
0.002311 
-0.000244 
-0.001756 
-0.002556 
-0.003600 
-0.005578 
-0.007800 
-0.011644 
-0.014133 
-0.015044 
-0.013111 
-0.013044 
-0.012200 
-0.013333 
-0.015089 
-0.016911 
-0.018689 
-0.017667 
-0.019111 
-0.018267 
-0.019644 
-0.021156 
-0.025489 
-0.025400 
-0.029800 
-0.031844 
-0.032844 
-0.035044 
-0.035533 
-0.035600 
-0.037022 
-0.038378 
-0.040956 
-0.041511 
-0.042489 
-0.043911 
-0.043956 
-0.043867 
-0.046556 
-0.046978 
-0.049067 
-0.049533 
-0.053267 
-0.058311 
-0.058378 
-0.057911 
-0.059956 
-0.059711 
-0.060867 
-0.061778 
-0.064711 
-0.064689 
-0.068111 
-0.066978 
-0.068667 
-0.068467 
-0.071222 
-0.071556 
-0.073533 
-0.073600 
-0.075733 
-0.077556 
-0.079311 
-0.080911 
-0.080733 
-0.082800 
-0.084844 
-0.085333 
-0.089378 
-0.089533 
-0.091111 
-0.092578 
-0.093978 
-0.095956 
-0.095911 
-0.097222 
-0.098222 
-0.101956 
-0.101733 
-0.104800 
-0.104733 
-0.104889 
-0.106511 
-0.108711 
-0.108333 
-0.111311 
-0.112533 
-0.113089 
-0.115711 
-0.114733 
-0.117422 
-0.117022 
-0.116000 
-0.117622 
-0.118667 
-0.118889 
-0.121311 
-0.120889 
-0.122622 
-0.124956 
-0.124867 
-0.126467 
-0.126667 
-0.128044 
-0.129311 
-0.131778 
-0.133689 
-0.136333 
-0.136533 
-0.137956 
-0.139511 
-0.141578 
-0.142578 
-0.142400 
-0.145111 
-0.146733 
-0.146933 
-0.148844 
-0.149422 
-0.151867 
-0.153489 
-0.155044 
-0.153933 
-0.155933 
-0.158111 
-0.158578 
-0.161667 
-0.162756 
-0.163467 
-0.164089 
-0.164711 
-0.167133 
-0.167733 
-0.170978 
-0.171333 
-0.173044 
-0.175756 
-0.176978 
-0.177356 
-0.177489 
-0.177333 
-0.180289 
-0.180044 
-0.181378 
-0.183800 
-0.182800 
-0.183467 
-0.185378 
-0.186533 
-0.187667 
-0.188578 
-0.191489 
-0.191667 
-0.191533 
-0.191578 
-0.194378 
-0.195422 
-0.194933 
-0.198156 
-0.197844 
-0.199022 
-0.198289 
-0.200200 
-0.200533 
-0.201067 
-0.205378 
-0.206289 
-0.206422 
-0.207844 
-0.207822 
-0.209156 
-0.209067 
-0.210089 
-0.211733 
-0.211133 
-0.211356 
-0.213911 
-0.217089 
-0.218511 
-0.220067 
-0.223067 
-0.226178 
-0.225711 
-0.227867 
-0.229222 
-0.230822 
-0.232667 
-0.231844 
-0.233200 
-0.235800 
-0.236844 
-0.236089 
-0.236778 
-0.240000 
-0.239911 
-0.241222 
-0.244200 
-0.244400 
-0.244978 
-0.246000 
-0.248111 
-0.248556 
-0.248844 
-0.249511 
-0.250556 
-0.252467 
-0.255311 
-0.255867 
-0.256378 
-0.257400 
-0.258533 
-0.259867 
-0.261733 
-0.262822 
-0.261978 
-0.262533 
-0.263267 
-0.264133 
-0.267267 
-0.265622 
-0.268578 
-0.267778 
-0.273511 
-0.274978 
-0.274578 
-0.277289 
-0.277533 
-0.278489 
-0.281089 
-0.281378 
-0.281578 
-0.282978 
-0.284956 
-0.286067 
-0.287200 
-0.288111 
-0.291778 
-0.291044 
-0.293511 
-0.295267 
-0.296778 
-0.298400 
-0.301289 
-0.303244 
-0.303644 
-0.303800 
-0.306600 
-0.306711 
-0.309444 
-0.310400 
-0.310311 
-0.314022 
-0.314133 
-0.312578 
-0.313933 
-0.315156 
-0.314667 
-0.317711 
-0.319778 
-0.321000 
-0.320933 
-0.319844 
-0.321178 
-0.322733 
-0.324911 
-0.327178 
-0.329356 
-0.330689 
-0.332756 
-0.336400 
-0.338556 
-0.338889 
-0.339533 
-0.341067 
-0.341867 
-0.342822 
-0.343178 
-0.344978 
-0.347467 
-0.349578 
-0.351733 
-0.353933 
-0.354778 
-0.356089 
-0.359756 
-0.362444 
-0.361956 
-0.362933 
-0.363178 
-0.362044 
-0.364733 
-0.366822 
-0.368978 
-0.370378 
-0.370600 
-0.371511 
-0.373311 
-0.371578 
-0.372178 
-0.375733 
-0.379867 
-0.383600 
-0.385667 
-0.388467 
-0.388422 
-0.388333 
-0.388800 
-0.388133 
-0.390667 
-0.392378 
-0.393244 
-0.393578 
-0.394044 
-0.395644 
-0.397133 
-0.398311 
-0.398911 
-0.399067 
-0.399578 
-0.401356 
-0.402711 
-0.402778 
-0.405978 
-0.406689 
-0.409089 
-0.409467 
-0.411778 
-0.412133 
-0.411711 
-0.412978 
-0.413222 
-0.414511 
-0.413489 
-0.414800 
-0.416133 
-0.417133 
-0.420956 
-0.421622 
-0.423511 
-0.423711 
-0.423511 
-0.425511 
-0.427644 
-0.428822 
-0.429533 
-0.428911 
-0.430444 
-0.432133 
-0.433444 
-0.436911 
-0.438711 
-0.436756 
-0.438156 
-0.438533 
-0.440778 
-0.443044 
-0.444711 
-0.445644 
-0.445978 
-0.447311 
-0.447844 
-0.449756 
-0.452644 
-0.453511 
-0.454489 
-0.457600 
-0.458022 
-0.460578 
-0.460889 
-0.461111 
-0.461733 
-0.462089 
-0.463533 
-0.463978 
-0.465600 
-0.465022 
-0.467178 
-0.467489 
-0.469200 
-0.471489 
-0.473511 
-0.473578 
-0.473311 
-0.473800 
-0.474711 
-0.475556 
-0.474800 
-0.475978 
-0.478578 
-0.477911 
-0.480689 
-0.480511 
-0.481844 
-0.482667 
-0.483067 
-0.482111 
-0.483222 
-0.484644 
-0.484578 
-0.484400 
-0.485267 
-0.486733 
-0.487733 
-0.487356 
-0.487689 
-0.490933 
-0.493200 
-0.494067 
-0.495733 
-0.498000 
-0.499533 
-0.500600 
-0.501356 
-0.503289 
-0.502289 
-0.503489 
-0.504667 
-0.504311 
-0.503556 
-0.505111 
-0.506000 
-0.509667 
-0.507800 
-0.510067 
-0.512400 
-0.513733 
-0.513111 
-0.515178 
-0.516822 
-0.517333 
-0.518978 
-0.521289 
-0.521867 
-0.521000 
-0.521822 
-0.525378 
-0.528133 
-0.528956 
-0.529733 
-0.527844 
-0.529289 
-0.531489 
-0.534267 
-0.532422 
-0.533022 
-0.533689 
-0.535711 
-0.538111 
-0.539556 
-0.539911 
-0.542044 
-0.543756 
-0.544533 
-0.546289 
-0.546844 
-0.548000 
-0.549467 
-0.551311 
-0.551756 
-0.553556 
-0.554444 
-0.554489 
-0.555178 
-0.556578 
-0.556467 
-0.558533 
-0.556533 
-0.557489 
-0.561133 
-0.562178 
-0.561956 
-0.561044 
-0.562356 
-0.563178 
-0.565711 
-0.566000 
-0.567311 
-0.571311 
-0.572356 
-0.572600 
-0.574822 
-0.575467 
-0.577244 
-0.577489 
-0.579844 
-0.581000 
-0.581311 
-0.582556 
-0.583356 
-0.584844 
-0.585867 
-0.588578 
-0.589133 
-0.590711 
-0.590978 
-0.589844 
-0.590867 
-0.591778 
-0.593711 
-0.596267 
-0.595244 
-0.595533 
-0.597511 
-0.598444 
-0.601267 
-0.602733 
-0.605089 
-0.606867 
-0.606333 
-0.609133 
-0.612289 
-0.614578 
-0.614511 
-0.614711 
-0.615622 
-0.615956 
-0.616556 
-0.617667 
-0.619311 
-0.619800 
-0.619578 
-0.619289 
-0.619889 
-0.622600 
-0.624511 
-0.623978 
-0.626578 
-0.628178 
-0.630622 
-0.630978 
-0.633844 
-0.633778 
-0.636222 
-0.637889 
-0.637222 
-0.640000 
-0.641956 
-0.644111 
-0.646000 
-0.647800 
-0.649200 
-0.650778 
-0.652289 
-0.652556 
-0.653867 
-0.653467 
-0.654889 
-0.656200 
-0.655644 
-0.656156 
-0.656333 
-0.658422 
-0.659156 
-0.660644 
-0.661889 
-0.664311 
-0.665133 
-0.663822 
-0.664800 
-0.666667 
-0.667711 
-0.668600 
-0.667867 
-0.669400 
-0.671444 
-0.670822 
-0.671622 
-0.671111 
-0.674156 
-0.674289 
-0.675000 
-0.675356 
-0.677978 
-0.680378 
-0.681000 
-0.680578 
-0.679911 
-0.682689 
-0.684644 
-0.687022 
-0.687578 
-0.686422 
-0.687622 
-0.687822 
-0.689422 
-0.690400 
-0.692022 
-0.695156 
-0.695356 
-0.693533 
-0.695333 
-0.695511 
-0.695600 
-0.697711 
-0.698000 
-0.698156 
-0.699644 
-0.701311 
-0.699800 
-0.700022 
-0.702200 
-0.702378 
-0.701978 
-0.703289 
-0.703956 
-0.705022 
-0.705956 
-0.707156 
-0.708022 
-0.708378 
-0.708489 
-0.709111 
-0.710556 
-0.710578 
-0.711289 
-0.712222 
-0.713911 
-0.713978 
-0.713622 
-0.714467 
-0.714867 
-0.716533 
-0.717911 
-0.717089 
-0.717867 
-0.720511 
-0.719800 
-0.721222 
-0.720622 
-0.723267 
-0.722644 
-0.722822 
-0.724000 
-0.724778 
-0.726511 
-0.727489 
-0.728333 
-0.729244 
-0.728622 
-0.729867 
-0.731200 
-0.732622 
-0.733600 
-0.735156 
-0.735911 
-0.736356 
-0.736822 
-0.737733 
-0.738956 
-0.738467 
-0.739578 
-0.740556 
-0.740756 
-0.742756 
-0.744133 
-0.744467 
-0.745267 
-0.746178 
-0.746644 
-0.745044 
-0.746356 
-0.746844 
-0.748800 
-0.749889 
-0.752178 
-0.751556 
-0.752844 
-0.752333 
-0.754844 
-0.754711 
-0.755733 
-0.757311 
-0.757600 
-0.761289 
-0.758778 
-0.758400 
-0.759444 
-0.760978 
-0.763467 
-0.764133 
-0.764133 
-0.762622 
-0.763333 
-0.764467 
-0.765111 
-0.765667 
-0.767733 
-0.767822 
-0.767667 
-0.767689 
-0.766356 
-0.766222 
-0.766556 
-0.769400 
-0.769467 
-0.770978 
-0.769556 
-0.770444 
-0.771644 
-0.772911 
-0.774644 
-0.774978 
-0.774556 
-0.776089 
-0.777667 
-0.779222 
-0.779844 
-0.782222 
-0.782978 
-0.784044 
-0.784067 
-0.786089 
-0.787089 
-0.787311 
-0.786778 
-0.787200 
-0.788244 
-0.789000 
-0.787933 
-0.787822 
-0.789022 
-0.789222 
-0.788911 
-0.791044 
-0.791756 
-0.791422 
-0.793800 
-0.792267 
-0.792622 
-0.794667 
-0.796756 
-0.797822 
-0.797822 
-0.796489 
-0.799222 
-0.800311 
-0.802000 
-0.800733 
-0.799822 
-0.801489 
-0.802667 
-0.803333 
-0.805511 
-0.808489 
-0.807911 
-0.808267 
-0.809889 
-0.812067 
-0.810600 
-0.810978 
-0.811133 
-0.812711 
-0.815022 
-0.815444 
-0.815600 
-0.816267 
-0.817733 
-0.817200 
-0.819489 
-0.820333 
-0.820311 
-0.820756 
-0.821822 
-0.820333 
-0.820111 
-0.819578 
-0.821533 
-0.821444 
-0.821578 
-0.821822 
-0.823000 
-0.824467 
-0.826089 
-0.827289 
-0.828600 
-0.827778 
-0.829133 
-0.830044 
-0.831556 
-0.831333 
-0.831200 
-0.834267 
-0.834089 
-0.833800 
-0.834289 
-0.835267 
-0.837089 
-0.838556 
-0.837822 
-0.838889 
-0.840000 
-0.839667 
-0.840022 
-0.842911 
-0.843778 
-0.843289 
-0.843822 
-0.843978 
-0.843444 
-0.845667 
-0.847044 
-0.846756 
-0.849978 
-0.851178 
-0.850333 
-0.849511 
-0.851022 
-0.852022 
-0.850422 
-0.851533 
-0.852556 
-0.851756 
-0.851578 
-0.851356 
-0.851667 
-0.853933 
-0.854844 
-0.854844 
-0.855133 
-0.857200 
-0.857978 
-0.856556 
-0.857600 
-0.859067 
-0.859756 
-0.860556 
-0.860511 
-0.862600 
-0.862533 
-0.862911 
-0.863756 
-0.865400 
-0.865000 
-0.865711 
-0.866133 
-0.866889 
-0.867356 
-0.868689 
-0.868622 
-0.868778 
-0.869067 
-0.869378 
-0.871400 
-0.871756 
-0.870089 
-0.870533 
-0.871933 
-0.870644 
-0.873222 
-0.875200 
-0.875756 
-0.874289 
-0.874311 
-0.876400 
-0.877000 
-0.878378 
-0.878200 
-0.878600 
-0.877733 
-0.876444 
-0.878267 
-0.878156 
-0.880333 
-0.879622 
-0.881178 
-0.880356 
-0.882000 
-0.880578 
-0.882067 
-0.883956 
-0.884022 
-0.884889 
-0.886333 
-0.886578 
-0.889889 
-0.889578 
-0.890622 
-0.890222 
-0.891444 
-0.890867 
-0.892578 
-0.893578 
-0.894311 
-0.894822 
-0.895733 
-0.895400 
-0.894044 
-0.895800 
-0.896156 
-0.897244 
-0.896844 
-0.896867 
-0.895822 
-0.897067 
-0.898467 
-0.899489 
-0.900800 
-0.900067 
-0.901378 
-0.903711 
-0.902422 
-0.902156 
-0.904978 
-0.906622 
-0.905111 
-0.905689 
-0.906044 
-0.905844 
-0.905289 
-0.906556 
-0.908289 
-0.909489 
-0.910467 
-0.910600 
-0.911556 
-0.910422 
-0.911800 
-0.912667 
-0.913244 
-0.914556 
-0.915467 
-0.915689 
-0.916200 
-0.917267 
-0.917689 
-0.915756 
-0.916533 
-0.917733 
-0.918133 
-0.919133 
-0.918333 
-0.920844 
-0.920133 
-0.921333 
-0.920444 
-0.921111 
-0.921756 
-0.923489 
-0.923200 
-0.924156 
-0.925178 
-0.925556 
-0.926222 
-0.926244 
-0.927622 
-0.926867 
-0.927000 
-0.926511 
-0.924444 
-0.925644 
-0.927444 
-0.927889 
-0.929600 
-0.929933 
-0.930667 
-0.931600 
-0.929778 
-0.929711 
-0.931733 
-0.930578 
-0.928844 
-0.929911 
-0.930644 
-0.932578 
-0.933289 
-0.935067 
-0.936756 
-0.937156 
-0.936222 
-0.935533 
-0.935800 
-0.936578 
-0.937756 
-0.936400 
-0.937511 
-0.938156 
-0.937756 
-0.939400 
-0.939333 
-0.939467 
-0.939356 
-0.939244 
-0.941222 
-0.941400 
-0.943311 
-0.942689 
-0.944311 
-0.944111 
-0.943156 
-0.943111 
-0.943778 
-0.945333 
-0.943956 
-0.945844 
-0.946622 
-0.947067 
-0.946911 
-0.947578 
-0.947156 
-0.946578 
-0.948711 
-0.949467 
-0.949222 
-0.949222 
-0.950267 
-0.950689 
-0.951089 
-0.953533 
-0.954400 
-0.954156 
-0.954111 
-0.954622 
-0.955756 
-0.955978 
-0.955844 
-0.956222 
-0.954622 
-0.956178 
-0.956578 
-0.958622 
-0.958667 
-0.959600 
-0.960556 
-0.960289 
-0.960622 
-0.960667 
-0.961400 
-0.962156 
-0.963867 
-0.965044 
-0.964778 
-0.966244 
-0.966800 
-0.966556 
-0.965600 
-0.964467 
-0.966044 
-0.966600 
-0.968244 
-0.969556 
-0.969333 
-0.968467 
-0.968711 
-0.970022 
-0.968622 
-0.968200 
-0.969822 
-0.969644 
-0.968978 
-0.969978 
-0.971267 
-0.970822 
-0.970756 
-0.970622 
-0.969822 
-0.972200 
-0.970600 
-0.970400 
-0.972244 
-0.971867 
-0.971689 
-0.972444 
-0.972644 
-0.972422 
-0.972467 
-0.973644 
-0.973956 
-0.971778 
-0.973956 
-0.973889 
-0.973667 
-0.972889 
-0.973067 
-0.974822 
-0.974444 
-0.974800 
-0.973489 
-0.973044 
-0.970911 
-0.972000 
-0.972267 
-0.972933 
-0.973422 
-0.973222 
-0.973956 
-0.975200 
-0.975089 
-0.974311 
-0.975356 
-0.976000 
-0.974511 
-0.974867 
-0.975044 
-0.975200 
-0.974822 
-0.974844 
-0.974667 
-0.975578 
-0.974800 
-0.974911 
-0.974467 
-0.974711 
-0.974133 
-0.974733 
-0.975511 
-0.974867 
-0.973933 
-0.973711 
-0.974089 
-0.973889 
-0.973889 
-0.973733 
-0.973200 
-0.973356 
-0.973911 
-0.973978 
-0.972933 
-0.972689 
-0.972933 
-0.973600 
-0.973044 
-0.972911 
-0.972956 
-0.973844 
-0.974533 
-0.974711 
-0.972867 
-0.971711 
-0.971711 
-0.972267 
-0.971244 
-0.972600 
-0.972822 
-0.974289 
-0.973000 
-0.972489 
-0.973022 
-0.974600 
-0.975422 
-0.974089 
-0.973756 
-0.973178 
-0.973289 
-0.972444 
-0.973089 
-0.972756 
-0.973822 
-0.974444 
-0.972467 
-0.971533 
-0.974222 
-0.973667 
-0.973000 
-0.972933 
-0.972600 
-0.973911 
-0.974511 
-0.973222 
-0.974422 
-0.974311 
-0.971644 
-0.971689 
-0.972756 
-0.973156 
-0.973156 
-0.972956 
-0.973000 
-0.972489 
-0.972844 
-0.975756 
-0.975422 
-0.974578 
-0.973622 
-0.972467 
-0.972600 
-0.973222 
-0.972289 
-0.971844 
-0.972000 
-0.972356 
-0.972933 
-0.973222 
-0.972622 
-0.973356 
-0.972778 
-0.972689 
-0.974267 
-0.975733 
-0.974089 
-0.973644 
-0.974467 
-0.975222 
-0.974556 
-0.973244 
-0.972267 
-0.973644 
-0.971556 
-0.971444 
-0.973289 
-0.975089 
-0.973956 
-0.972911 
-0.973844 
-0.975511 
-0.973289 
-0.974067 
-0.973200 
-0.972933 
-0.973600 
-0.973378 
-0.972600 
-0.973889 
-0.973467 
-0.972911 
-0.972067 
-0.972600 
-0.974711 
-0.975600 
-0.974178 
-0.973444 
-0.972911 
